0.2579202950000763,0.7097333073616028
0.2883079946041107,0.7615401148796082
0.28350895643234253,0.7017478942871094
0.2829003930091858,0.7061986923217773
0.27774667739868164,0.7095897197723389
0.2827642560005188,0.7523157596588135
0.2733757495880127,0.7098294496536255
0.27306193113327026,0.7108460664749146
0.272072970867157,0.7106366157531738
0.2779567241668701,0.7546021938323975
0.26951196789741516,0.7142221331596375
0.2691078186035156,0.7137542963027954
0.268513560295105,0.7135915756225586
0.24399015307426453,0.7180074453353882
0.19243188202381134,0.7274513244628906
0.16018155217170715,0.7315993905067444
0.1404295116662979,0.7298358082771301
0.12766999006271362,0.7312896251678467
0.12066468596458435,0.7332851886749268
0.11653649061918259,0.7723279595375061
0.11434415727853775,0.7305060625076294
0.11133921146392822,0.7293103933334351
0.10967979580163956,0.7299755811691284
0.10831967741250992,0.7315539121627808
0.1079263687133789,0.7315311431884766
0.10688047856092453,0.7325005531311035
0.10653392970561981,0.7321223616600037
0.10674890875816345,0.7317010164260864
0.1095028892159462,0.7313014268875122
0.11124787479639053,0.7312910556793213
0.11422017216682434,0.732137143611908
0.11815230548381805,0.7334823608398438
0.12255542725324631,0.7356808185577393
0.1265605092048645,0.7355095148086548
0.13085231184959412,0.7348122596740723
0.13356074690818787,0.7354434132575989
0.13520652055740356,0.7376116514205933
0.15291494131088257,0.7352670431137085
0.17912453413009644,0.7331409454345703
0.19962933659553528,0.7307271957397461
0.2297317236661911,0.7646406292915344
0.2228197157382965,0.732796311378479
0.2295605093240738,0.7367517948150635
0.30098235607147217,0.7604472637176514
0.457466721534729,0.808861255645752
0.5440207123756409,0.8264859914779663
0.5855317115783691,0.8373196125030518
0.605610728263855,0.8394128680229187
0.6128950715065002,0.837321400642395
0.6175906658172607,0.8315613865852356
0.6185422539710999,0.8285622596740723
0.5746931433677673,0.7843729257583618
0.5309531688690186,0.7300237417221069
0.4893644452095032,0.6722055673599243
0.46001356840133667,0.6355985403060913
0.4435572028160095,0.6156161427497864
0.4790446162223816,0.62320876121521
0.592786431312561,0.6766436100006104
0.7148825526237488,0.727275013923645
0.79775071144104,0.7559888362884521
0.8449941873550415,0.7682063579559326
0.8674907088279724,0.769352376461029
0.8779493570327759,0.7731806039810181
0.9025460481643677,0.8210941553115845
0.9149876236915588,0.8466204404830933
0.9180512428283691,0.8674482107162476
0.9193934202194214,0.8793269395828247
0.9168840646743774,0.9277285933494568
0.9190921187400818,0.9344338178634644
0.9214770793914795,0.8914514780044556
0.9414698481559753,0.9010505676269531
0.9593570232391357,0.9158202409744263
0.9734179973602295,0.9231137037277222
0.9836975932121277,0.927605152130127
0.9907791614532471,0.9314117431640625
1.000563383102417,0.8930146098136902
0.9989744424819946,0.9409221410751343
0.994758129119873,0.9402447938919067
0.992282509803772,0.9394586682319641
0.9904448986053467,0.9400663375854492
0.9869338274002075,0.9784947037696838
0.9882034063339233,0.9418649077415466
0.9872910976409912,0.9432973861694336
0.9865685701370239,0.943351149559021
0.9860297441482544,0.9438676834106445
0.9856942892074585,0.9432075023651123
0.9852067232131958,0.9425318241119385
0.9846295118331909,0.9420945644378662
0.9842453002929688,0.9417205452919006
0.9840826988220215,0.9410606622695923
0.9842238426208496,0.940768837928772
0.9839745759963989,0.9396685361862183
0.9794033765792847,0.9711385369300842
0.9833307266235352,0.9383255839347839
0.9832301139831543,0.9379284381866455
0.9833479523658752,0.9369992017745972
0.9834111928939819,0.9361290335655212
0.9833519458770752,0.9358868598937988
0.9833565950393677,0.9346557259559631
0.9836760759353638,0.9331517219543457
0.9841025471687317,0.9316166639328003
0.9843944311141968,0.9311210513114929
0.9845330119132996,0.9309278726577759
0.9850479364395142,0.9304846525192261
0.9855009317398071,0.9299790859222412
0.9858222007751465,0.930177628993988
0.9857749938964844,0.9301589727401733
0.9857211112976074,0.9302222728729248
0.9855109453201294,0.9302875399589539
0.9851059913635254,0.9301314353942871
0.9844927191734314,0.9299602508544922
0.9834925532341003,0.930757462978363
0.9831269979476929,0.9307667016983032
0.9823200702667236,0.9312714338302612
0.980722188949585,0.9322772026062012
0.9803365468978882,0.9323074817657471
0.9800735116004944,0.9320679903030396
0.9795223474502563,0.9322894811630249
0.9790692329406738,0.9321185350418091
0.9783821105957031,0.932237982749939
0.9779711961746216,0.9319869875907898
0.9768292903900146,0.9326756000518799
0.9761486053466797,0.9336813688278198
0.975446879863739,0.933630108833313
0.9737839102745056,0.9591207504272461
0.9715478420257568,0.9608908295631409
0.9692752361297607,0.9388099312782288
0.9675722122192383,0.9687532186508179
0.966546893119812,0.9400996565818787
0.9643805027008057,0.908753514289856
0.9618670344352722,0.9420207142829895
0.9605668187141418,0.9425201416015625
0.9597118496894836,0.9766055345535278
0.9593347311019897,0.9409952759742737
0.9586207866668701,0.9408843517303467
0.9584165215492249,0.974815309047699
0.9602788686752319,0.940115213394165
0.9607369899749756,0.9401150345802307
0.9596508741378784,0.9739329814910889
0.9614731073379517,0.9400090575218201
0.9620532393455505,0.9397467374801636
0.9625643491744995,0.9400975704193115
0.9634371995925903,0.9397624135017395
0.9659691452980042,0.9077281355857849
0.9641807079315186,0.9399337768554688
0.9636526703834534,0.9688982367515564
0.9641410112380981,0.9685208201408386
0.9646565914154053,0.9679027199745178
0.9641008973121643,0.9400767087936401
0.9644637107849121,0.9676281809806824
0.9647854566574097,0.9669964909553528
0.963106632232666,0.9415053129196167
0.9630739688873291,0.9428572654724121
0.9627724289894104,0.9437838196754456
0.9628951549530029,0.9442353248596191
0.9633120894432068,0.9448798298835754
0.9631880521774292,0.9446945190429688
0.963459849357605,0.9445608854293823
0.9636021852493286,0.9447086453437805
0.9636319279670715,0.9446413516998291
0.9637227058410645,0.9450402855873108
0.964300274848938,0.9454646110534668
0.9646039605140686,0.9465601444244385
0.9646154642105103,0.9482156038284302
0.9656749963760376,0.950210690498352
0.9663334488868713,0.9536089897155762
0.9667907953262329,0.9561318159103394
0.9671775698661804,0.9578168392181396
0.9675099849700928,0.9584988355636597
0.9679718017578125,0.9587092995643616
0.9672394394874573,0.959152102470398
0.9657400250434875,0.9586783051490784
0.9644562005996704,0.9582605361938477
0.962775468826294,0.9582791328430176
0.9608711004257202,0.9581080675125122
0.959205150604248,0.9587985277175903
0.9573196172714233,0.9607536792755127
0.9549337029457092,0.962134599685669
0.9536504149436951,0.9642985463142395
0.9508272409439087,0.9702777862548828
0.9504897594451904,0.9830852746963501
0.4944550693035126,1.520787239074707
0.6227542161941528,1.4176024198532104
0.6767926216125488,1.3625175952911377
0.9151730537414551,1.00045645236969
0.7910858392715454,1.2374681234359741
0.850381076335907,1.1623036861419678
0.9215166568756104,0.9890785813331604
0.9146671295166016,1.0419464111328125
0.9255726933479309,0.9893033504486084
0.921762228012085,1.0236620903015137
0.9283122420310974,0.9940585494041443
0.9293391108512878,0.9922303557395935
0.930850625038147,0.9910377860069275
0.9326909780502319,1.010913610458374
0.9372143745422363,1.0152562856674194
0.9395940899848938,1.0212104320526123
0.9414237141609192,1.0253944396972656
0.9424494504928589,1.0288145542144775
0.9444849491119385,1.028681755065918
0.9455971717834473,1.0289071798324585
0.9468517303466797,1.0313009023666382
0.9482633471488953,1.0305200815200806
0.9490167498588562,1.031883955001831
0.9490604400634766,1.032343864440918
0.9323936700820923,1.0444588661193848
0.9302942156791687,1.054686188697815
0.9381989240646362,1.0405256748199463
0.9384433031082153,1.0377168655395508
0.9392884969711304,1.0325180292129517
0.9406967163085938,1.0201354026794434
0.9420197010040283,1.0165185928344727
0.944015383720398,1.0080180168151855
0.9435527324676514,0.9988030195236206
0.9447506666183472,0.9906176328659058
0.9456811547279358,0.9821474552154541
0.9462050199508667,0.9773491024971008
0.9459985494613647,0.9723266363143921
0.9547710418701172,0.9409958720207214
0.96211838722229,0.939957857131958
0.9536375999450684,0.9652867317199707
0.9540536403656006,0.9645622968673706
0.9643217325210571,0.9363675713539124
0.9551038146018982,0.964136004447937
0.9659078121185303,0.9364457726478577
0.9566857814788818,0.9638496041297913
0.9571461081504822,0.9637012481689453
0.9573408961296082,0.9643105268478394
0.9671629667282104,0.9410056471824646
0.9579586982727051,0.965918779373169
0.9588385224342346,0.9670382738113403
0.9592066407203674,0.969466507434845
0.9602793455123901,0.9708331823348999
0.9717491269111633,0.9560669660568237
0.9603348970413208,0.9727945327758789
0.9606591463088989,0.973494827747345
0.9605741500854492,0.9754679799079895
0.9609519243240356,0.9766294956207275
0.9613817930221558,0.9783118963241577
0.962053656578064,0.9789795875549316
0.9627014398574829,0.9807102680206299
0.9626871943473816,0.9818607568740845
0.9628762006759644,0.9826130867004395
0.9616184830665588,0.9822129011154175
0.9505404829978943,0.9978242516517639
0.9598175883293152,0.9805185794830322
0.9695020318031311,0.9619672298431396
0.9586254358291626,0.9799903631210327
0.9476246237754822,0.9973396062850952
0.9577574729919434,0.9742642641067505
0.9577986001968384,0.9703419208526611
0.957770049571991,0.9678793549537659
0.9670719504356384,0.9445202350616455
0.962257981300354,0.9607442021369934
0.9574229717254639,0.9656231999397278
0.9494162797927856,0.9850384593009949
0.9494932293891907,0.9878981113433838
0.9511348605155945,0.9892852306365967
0.9530938267707825,0.9919867515563965
0.9553424715995789,0.993816077709198
0.9577497243881226,0.9979885816574097
0.9595502018928528,1.0019879341125488
0.9629430174827576,1.004814863204956
0.9647847414016724,1.0091400146484375
0.9679121971130371,1.008728265762329
0.9673417806625366,1.0091521739959717
0.9664022922515869,1.010554552078247
0.9658905267715454,1.0120750665664673
0.9732591509819031,0.9978017807006836
0.9719967246055603,0.9986264109611511
0.9665960073471069,1.0156755447387695
0.9659518003463745,1.0146675109863281
0.9653795957565308,1.014448881149292
0.9702575206756592,0.9972785711288452
0.9649547338485718,1.0146852731704712
0.9646705389022827,1.0158101320266724
0.9726225733757019,1.0054796934127808
0.9744904041290283,1.008847951889038
0.969696044921875,1.019232153892517
0.971092939376831,1.01857590675354
0.9730658531188965,1.0170737504959106
0.9745099544525146,1.0124695301055908
0.9769084453582764,1.0095102787017822
0.9817949533462524,1.00399649143219
0.9803056716918945,0.9951971173286438
0.9827319383621216,0.9902399182319641
0.9852454662322998,0.9873322248458862
0.9873377084732056,0.9865150451660156
0.9863231182098389,0.9855437278747559
0.9859666228294373,0.9847487211227417
0.9849972724914551,0.9835455417633057
0.9844837188720703,0.983203649520874
0.9844338893890381,0.982662558555603
0.9843604564666748,0.981901228427887
0.984976053237915,0.9907613396644592
0.9825619459152222,0.9801002740859985
0.9821376204490662,0.9801539182662964
0.9816385507583618,0.9797284007072449
0.9818274974822998,0.9797946810722351
0.9818602800369263,0.9798260927200317
0.9815824031829834,0.9793201684951782
0.9814645051956177,0.9789081811904907
0.9813357591629028,0.9792394638061523
0.9809424877166748,0.9775756597518921
0.9809869527816772,0.9780389070510864
0.9808566570281982,0.9786511659622192
0.9806791543960571,0.9789867401123047
0.9805887341499329,0.9787685871124268
0.9795960187911987,0.9775711297988892
0.9780883193016052,0.9749301671981812
0.9758440256118774,0.9725017547607422
0.9728822708129883,0.9684841632843018
0.9711207747459412,0.9659198522567749
0.9696318507194519,0.9647623300552368
0.968469500541687,0.964608907699585
0.9671409130096436,0.9625725150108337
0.9665749073028564,0.9632373452186584
0.966966450214386,0.9634727239608765
0.9673829078674316,0.9645225405693054
0.9674563407897949,0.9645750522613525
0.9673764705657959,0.9644348621368408
0.9721056818962097,0.9491755962371826
0.967101514339447,0.9619643092155457
0.9670342803001404,0.9619443416595459
0.9667463898658752,0.9619419574737549
0.9668866395950317,0.9620926380157471
0.9667593836784363,0.9620277881622314
0.9724985361099243,0.9492329955101013
0.9726336598396301,0.9489996433258057
0.9665624499320984,0.961448073387146
0.9664694666862488,0.9615713357925415
0.966475248336792,0.9620226621627808
0.9723913669586182,0.9491967558860779
0.9722364544868469,0.9497954845428467
0.9663093686103821,0.9643555879592896
0.9659875631332397,0.9651779532432556
0.9659518599510193,0.9656312465667725
0.9710457921028137,0.9535894393920898
0.9653850793838501,0.9657645225524902
0.9649932980537415,0.9660836458206177
0.9643528461456299,0.9660439491271973
0.9703264236450195,0.954889178276062
0.9663223028182983,0.967275857925415
0.9676185846328735,0.9672819972038269
0.9688766598701477,0.9675780534744263
0.9704368114471436,0.9670625925064087
0.971960186958313,0.9675296545028687
0.9734783172607422,0.9667866826057434
0.9746881723403931,0.9666764736175537
0.9761910438537598,0.9673552513122559
0.97723388671875,0.9682533740997314
0.9784212112426758,0.9689749479293823
0.977773904800415,0.9708707332611084
0.9771742820739746,0.9695342183113098
0.977035641670227,0.9691230654716492
0.983704149723053,0.958017885684967
0.9830273389816284,0.9570754766464233
0.9760491847991943,0.9677887558937073
0.9757285118103027,0.9665094614028931
0.9755203723907471,0.9657837748527527
0.9815534353256226,0.9508690237998962
0.9747735857963562,0.9672752618789673
0.9809751510620117,0.9532970786094666
0.9136385321617126,0.43434855341911316
0.9214531779289246,0.4180360436439514
0.9294703006744385,0.41253283619880676
0.9356673955917358,0.40649446845054626
1.0282208919525146,0.3791799247264862
1.0425951480865479,0.38401955366134644
1.0584877729415894,0.3869413137435913
1.0731505155563354,0.3923085033893585
1.0842267274856567,0.3932439684867859
1.0928242206573486,0.3979947566986084
1.0951790809631348,0.4083434045314789
1.100689172744751,0.40698903799057007
1.1035795211791992,0.40785467624664307
1.1065188646316528,0.40770888328552246
1.110431432723999,0.40700283646583557
1.1420695781707764,0.3601304590702057
0.9476998448371887,0.37872180342674255
0.7996598482131958,0.40761739015579224
0.718099057674408,0.4294075667858124
